{
 "cells": [
  {
   "cell_type": "code",
   "execution_count": 2,
   "metadata": {
    "collapsed": true
   },
   "outputs": [],
   "source": [
    "import pandas as pd\n",
    "import seaborn as sns\n",
    "import numpy as np\n",
    "import matplotlib.pyplot as plt\n",
    "%matplotlib inline"
   ]
  },
  {
   "cell_type": "code",
   "execution_count": 3,
   "metadata": {
    "collapsed": true
   },
   "outputs": [],
   "source": [
    "bike_rentals = pd.read_csv(\"hour.csv\")"
   ]
  },
  {
   "cell_type": "code",
   "execution_count": 5,
   "metadata": {
    "collapsed": false
   },
   "outputs": [
    {
     "data": {
      "text/html": [
       "<div>\n",
       "<table border=\"1\" class=\"dataframe\">\n",
       "  <thead>\n",
       "    <tr style=\"text-align: right;\">\n",
       "      <th></th>\n",
       "      <th>instant</th>\n",
       "      <th>dteday</th>\n",
       "      <th>season</th>\n",
       "      <th>yr</th>\n",
       "      <th>mnth</th>\n",
       "      <th>hr</th>\n",
       "      <th>holiday</th>\n",
       "      <th>weekday</th>\n",
       "      <th>workingday</th>\n",
       "      <th>weathersit</th>\n",
       "      <th>temp</th>\n",
       "      <th>atemp</th>\n",
       "      <th>hum</th>\n",
       "      <th>windspeed</th>\n",
       "      <th>casual</th>\n",
       "      <th>registered</th>\n",
       "      <th>cnt</th>\n",
       "    </tr>\n",
       "  </thead>\n",
       "  <tbody>\n",
       "    <tr>\n",
       "      <th>0</th>\n",
       "      <td>1</td>\n",
       "      <td>2011-01-01</td>\n",
       "      <td>1</td>\n",
       "      <td>0</td>\n",
       "      <td>1</td>\n",
       "      <td>0</td>\n",
       "      <td>0</td>\n",
       "      <td>6</td>\n",
       "      <td>0</td>\n",
       "      <td>1</td>\n",
       "      <td>0.24</td>\n",
       "      <td>0.2879</td>\n",
       "      <td>0.81</td>\n",
       "      <td>0.0</td>\n",
       "      <td>3</td>\n",
       "      <td>13</td>\n",
       "      <td>16</td>\n",
       "    </tr>\n",
       "    <tr>\n",
       "      <th>1</th>\n",
       "      <td>2</td>\n",
       "      <td>2011-01-01</td>\n",
       "      <td>1</td>\n",
       "      <td>0</td>\n",
       "      <td>1</td>\n",
       "      <td>1</td>\n",
       "      <td>0</td>\n",
       "      <td>6</td>\n",
       "      <td>0</td>\n",
       "      <td>1</td>\n",
       "      <td>0.22</td>\n",
       "      <td>0.2727</td>\n",
       "      <td>0.80</td>\n",
       "      <td>0.0</td>\n",
       "      <td>8</td>\n",
       "      <td>32</td>\n",
       "      <td>40</td>\n",
       "    </tr>\n",
       "    <tr>\n",
       "      <th>2</th>\n",
       "      <td>3</td>\n",
       "      <td>2011-01-01</td>\n",
       "      <td>1</td>\n",
       "      <td>0</td>\n",
       "      <td>1</td>\n",
       "      <td>2</td>\n",
       "      <td>0</td>\n",
       "      <td>6</td>\n",
       "      <td>0</td>\n",
       "      <td>1</td>\n",
       "      <td>0.22</td>\n",
       "      <td>0.2727</td>\n",
       "      <td>0.80</td>\n",
       "      <td>0.0</td>\n",
       "      <td>5</td>\n",
       "      <td>27</td>\n",
       "      <td>32</td>\n",
       "    </tr>\n",
       "    <tr>\n",
       "      <th>3</th>\n",
       "      <td>4</td>\n",
       "      <td>2011-01-01</td>\n",
       "      <td>1</td>\n",
       "      <td>0</td>\n",
       "      <td>1</td>\n",
       "      <td>3</td>\n",
       "      <td>0</td>\n",
       "      <td>6</td>\n",
       "      <td>0</td>\n",
       "      <td>1</td>\n",
       "      <td>0.24</td>\n",
       "      <td>0.2879</td>\n",
       "      <td>0.75</td>\n",
       "      <td>0.0</td>\n",
       "      <td>3</td>\n",
       "      <td>10</td>\n",
       "      <td>13</td>\n",
       "    </tr>\n",
       "    <tr>\n",
       "      <th>4</th>\n",
       "      <td>5</td>\n",
       "      <td>2011-01-01</td>\n",
       "      <td>1</td>\n",
       "      <td>0</td>\n",
       "      <td>1</td>\n",
       "      <td>4</td>\n",
       "      <td>0</td>\n",
       "      <td>6</td>\n",
       "      <td>0</td>\n",
       "      <td>1</td>\n",
       "      <td>0.24</td>\n",
       "      <td>0.2879</td>\n",
       "      <td>0.75</td>\n",
       "      <td>0.0</td>\n",
       "      <td>0</td>\n",
       "      <td>1</td>\n",
       "      <td>1</td>\n",
       "    </tr>\n",
       "  </tbody>\n",
       "</table>\n",
       "</div>"
      ],
      "text/plain": [
       "   instant      dteday  season  yr  mnth  hr  holiday  weekday  workingday  \\\n",
       "0        1  2011-01-01       1   0     1   0        0        6           0   \n",
       "1        2  2011-01-01       1   0     1   1        0        6           0   \n",
       "2        3  2011-01-01       1   0     1   2        0        6           0   \n",
       "3        4  2011-01-01       1   0     1   3        0        6           0   \n",
       "4        5  2011-01-01       1   0     1   4        0        6           0   \n",
       "\n",
       "   weathersit  temp   atemp   hum  windspeed  casual  registered  cnt  \n",
       "0           1  0.24  0.2879  0.81        0.0       3          13   16  \n",
       "1           1  0.22  0.2727  0.80        0.0       8          32   40  \n",
       "2           1  0.22  0.2727  0.80        0.0       5          27   32  \n",
       "3           1  0.24  0.2879  0.75        0.0       3          10   13  \n",
       "4           1  0.24  0.2879  0.75        0.0       0           1    1  "
      ]
     },
     "execution_count": 5,
     "metadata": {},
     "output_type": "execute_result"
    }
   ],
   "source": [
    "bike_rentals.head()"
   ]
  },
  {
   "cell_type": "markdown",
   "metadata": {},
   "source": [
    "In many American cities, there are communal bicycle sharing stations where you can rent bicycles by the hour or by the day. Washington, D.C. is one of these cities, and has detailed data available about how many bicycles were rented by hour and by day.\n",
    "This dataset comes from UCI Machine Learning Repository.\n",
    "\n",
    "Here are explanations of the relevant columns:\n",
    "\n",
    "<ul>\n",
    "<li>instant -- a unique sequential id number for each row.</li>\n",
    "<li>dteday -- the date the rentals occurred on.</li>\n",
    "<li>season -- the season the rentals occurred in.</li>\n",
    "<li>yr -- the year the rentals occurred in.</li>\n",
    "<li>mnth -- the month the rentals occurred in.</li>\n",
    "<li>hr -- the hour the rentals occurred in.</li>\n",
    "<li>holiday -- whether or not the day was a holiday.</li>\n",
    "<li>weekday -- whether or not the day was a weekday.</li>\n",
    "<li>workingday -- whether or not the day was a working day.</li>\n",
    "<li>weathersit -- the weather situation (categorical variable).</li>\n",
    "<li>temp -- the temperature on a 0-1 scale.</li>\n",
    "<li>atemp -- the adjusted temperature.</li>\n",
    "<li>hum -- the humidity on a 0-1 scale.</li>\n",
    "<li>windspeed -- the wind speed on a 0-1 scale.</li>\n",
    "<li>casual -- the number of casual riders (people who hadn't previously signed up with the bikesharing program) that rented bikes.</li>\n",
    "<li>registered -- the number of registered riders (people who signed up previously) that rented bikes.</li>\n",
    "<li>cnt -- the total number of bikes rented (casual + registered).</li>\n",
    "</ul>\n"
   ]
  },
  {
   "cell_type": "code",
   "execution_count": 7,
   "metadata": {
    "collapsed": false
   },
   "outputs": [
    {
     "data": {
      "text/plain": [
       "<matplotlib.text.Text at 0xa712eb8>"
      ]
     },
     "execution_count": 7,
     "metadata": {},
     "output_type": "execute_result"
    },
    {
     "data": {
      "image/png": "iVBORw0KGgoAAAANSUhEUgAAAYUAAAERCAYAAACU1LsdAAAABHNCSVQICAgIfAhkiAAAAAlwSFlz\nAAALEgAACxIB0t1+/AAAGadJREFUeJzt3X2UXVWZ5/FvUkkMIZUIY4XxPU3Uh3Gcpg0tGAcTcKAF\nlg06qwdnId2gLbRMGrV7SY/GxhecCOMLA5EWEWOD0NOijG8tC2ghtFRkGomimBEf40vDzOhIkYSk\nYgKkUjV/nFO7LmUl9yapqnub+/2sxaq6++x7zz6b1Pndc/Y5+8wYGRlBkiSAme1ugCSpcxgKkqTC\nUJAkFYaCJKkwFCRJhaEgSSpmNasQEecA5wIjwCHA0cCrgSuAYWBjZq6s654HnA/sBlZn5i0RMRe4\nEVgEbAfOyczNk78pkqSDNWN/7lOIiKuA7wG/D3wsM/sj4mrgNuAfgW8AS4F5wHrgGOBPgd7MvCQi\n3ggsy8x3Tu5mSJImQ8unjyLid4GXZuZngGMys79edCtwMnAssD4zhzJzO7CJ6qjieKrQGK170mQ1\nXpI0ufZnTOE9wAcmKB8EFgC9wLaG8h3AwnHlo3UlSR2opVCIiIXASzLz7rpouGFxL/AY1XjBgnHl\nW+vy3nF1JUkdqOlAc205cGfD6/sjYnkdEqcC64D7gNURMYdqQPooYCNwD3AasKH+2U8TF1x02cgh\nh7bvgOKQWUOs/su3t239knSAZhzsB7QaCgH8rOH1u4BrI2I28CBwc2aORMQaqgHmGcCqzHyyHoi+\nPiL6gSeAs5qt7MePzmPe8HP3Zzsm1dxf/4iBgcG2rb9RX19vx7Sl3eyLMfbFGPtiTF9fb/NKTbQU\nCpn5sXGvNwEnTFBvLbB2XNku4MwDb6Ikabp485okqTAUJEmFoSBJKgwFSVJhKEiSCkNBklQYCpKk\nwlCQJBWGgiSpMBQkSYWhIEkqDAVJUmEoSJIKQ0GSVBgKkqTCUJAkFYaCJKkwFCRJhaEgSSoMBUlS\nYShIkgpDQZJUGAqSpMJQkCQVs1qpFBHvBk4HZgOfBO4GrgOGgY2ZubKudx5wPrAbWJ2Zt0TEXOBG\nYBGwHTgnMzdP8nZIkiZB0yOFiFgBLMvMVwEnAC8ALgdWZeYKYGZEnBERRwAXAsuAU4BLI2I2cAHw\nQGYuB24ALp6SLZEkHbRWTh+9FtgYEV8BvgZ8HViamf318luBk4FjgfWZOZSZ24FNwNHA8cBtDXVP\nmsT2S5ImUSunj55FdXTwOuBIqmBoDJNBYAHQC2xrKN8BLBxXPlpXktSBWgmFzcCDmTkE/DgiHgee\n17C8F3iMarxgwbjyrXV577i6HW327B76+nqbV5wmndSWdrMvxtgXY+yLydNKKKwH3g78t4h4DnAo\ncGdErMjMbwKnAuuA+4DVETEHOAQ4CtgI3AOcBmyof/b/5io6y+7dexgYGGx3M4DqH3untKXd7Isx\n9sUY+2LMZIRj01CoryB6dUR8G5hBNXD8T8Bn6oHkB4GbM3MkItZQhcgMqoHoJyPiauD6iOgHngDO\nOuhWS5KmREuXpGbmuycoPmGCemuBtePKdgFnHkjjJEnTy5vXJEmFoSBJKgwFSVJhKEiSCkNBklQY\nCpKkwlCQJBWGgiSpMBQkSYWhIEkqDAVJUmEoSJIKQ0GSVBgKkqTCUJAkFYaCJKkwFCRJhaEgSSoM\nBUlSYShIkgpDQZJUGAqSpMJQkCQVhoIkqZjVSqWI+A6wrX75c+DDwHXAMLAxM1fW9c4Dzgd2A6sz\n85aImAvcCCwCtgPnZObmydwISdLkaHqkEBHPAMjM19T//TFwObAqM1cAMyPijIg4ArgQWAacAlwa\nEbOBC4AHMnM5cANw8RRtiyTpILVypHA0cGhE3A70AO8FlmZmf738VuD3qI4a1mfmELA9IjbV7z0e\n+K8NdQ0FSepQrYwp7AQ+mpmvpfrW/zfAjIblg8ACoJexU0wAO4CF48pH60qSOlArRwo/Bn4CkJmb\nImIzsLRheS/wGNV4wYJx5Vvr8t5xdTva7Nk99PX1Nq84TTqpLe1mX4yxL8bYF5OnlVB4C/BvgJUR\n8RyqHf/fR8SKzPwmcCqwDrgPWB0Rc4BDgKOAjcA9wGnAhvpn/2+uorPs3r2HgYHBdjcDqP6xd0pb\n2s2+GGNfjLEvxkxGOLYSCmuBv46Ifqpxg3OBzcBn6oHkB4GbM3MkItYA66lOL63KzCcj4mrg+vr9\nTwBnHXSrJUlTomkoZOZu4OwJFp0wQd21VCHSWLYLOPMA2ydJmkbevCZJKgwFSVJhKEiSCkNBklQY\nCpKkwlCQJBWGgiSpMBQkSYWhIEkqDAVJUmEoSJIKQ0GSVBgKkqTCUJAkFYaCJKkwFCRJhaEgSSoM\nBUlSYShIkgpDQZJUGAqSpMJQkCQVhoIkqTAUJEnFrFYqRcQiYANwErAHuA4YBjZm5sq6znnA+cBu\nYHVm3hIRc4EbgUXAduCczNw82RshSZocTY8UImIW8ClgZ110ObAqM1cAMyPijIg4ArgQWAacAlwa\nEbOBC4AHMnM5cANw8RRsgyRpkrRy+uhjwNXAL4AZwNLM7K+X3QqcDBwLrM/MoczcDmwCjgaOB25r\nqHvSJLZdkjTJ9hkKEXEu8EhmfoMqEMa/ZxBYAPQC2xrKdwALx5WP1pUkdahmYwpvBoYj4mSqb/6f\nA/oalvcCj1GNFywYV761Lu8dV7fjzZ7dQ19fb/OK06ST2tJu9sUY+2KMfTF59hkK9bgBABGxDngb\n8NGIWJ6ZdwOnAuuA+4DVETEHOAQ4CtgI3AOcRjVIfRrQzz8Du3fvYWBgsN3NAKp/7J3SlnazL8bY\nF2PsizGTEY4Hcknqu4BLIuJbwGzg5sz8FbAGWA/cQTUQ/STVWMTLIqIfeCvwwYNusSRpyrR0SSpA\nZr6m4eUJEyxfC6wdV7YLOPNAGydJml7evCZJKgwFSVJhKEiSCkNBklQYCpKkouWrj7rJyPAwP/3p\npra2YfHiI+np6WlrGyR1H0NhAju2b+YdH/0a8xYuasv6d257hCsvOp0lS17clvVL6l6Gwl7MW7iI\n+Yc9t93NkKRp5ZiCJKkwFCRJhaEgSSoMBUlSYShIkgpDQZJUGAqSpMJQkCQVhoIkqTAUJEmFoSBJ\nKgwFSVJhKEiSCkNBklQYCpKkwlCQJBVNH7ITETOBa4EAhoG3AU8A19WvN2bmyrruecD5wG5gdWbe\nEhFzgRuBRcB24JzM3Dz5myJJOlitHCn8PjCSmccDFwMfBi4HVmXmCmBmRJwREUcAFwLLgFOASyNi\nNnAB8EBmLgduqD9DktSBmoZCZn6V6ts/wAuBrcDSzOyvy24FTgaOBdZn5lBmbgc2AUcDxwO3NdQ9\nafKaL0maTC2NKWTmcERcB6wB/jswo2HxILAA6AW2NZTvABaOKx+tK0nqQE3HFEZl5rkRsQi4Dzik\nYVEv8BjVeMGCceVb6/LecXU72qxZPTzR5jYcfvh8+vqqbhv9KfuikX0xxr6YPK0MNJ8NPC8zLwMe\nB/YAGyJiRWZ+EzgVWEcVFqsjYg5VaBwFbATuAU4DNtQ/+39zLZ1laGgPzGlvG7Zs2cHAwCB9fb0M\nDAy2tzEdwr4YY1+MsS/GTEY4tnKk8CXgryPim3X9twM/Aj5TDyQ/CNycmSMRsQZYT3V6aVVmPhkR\nVwPXR0Q/1VVLZx10qyVJU6JpKGTmTuCNEyw6YYK6a4G148p2AWceYPskSdPIm9ckSYWhIEkqDAVJ\nUmEoSJIKQ0GSVBgKkqSi5TuaNX1Ghod5+OGHANi6dT5btuxoSzsWLz6Snp6etqxbUnsYCh1o1+AA\nH7/pUeYt/GXb2rBz2yNcedHpLFny4ra1QdL0MxQ61LyFi5h/2HPb3QxJXcYxBUlSYShIkgpDQZJU\nGAqSpMJQkCQVhoIkqTAUJEmFoSBJKgwFSVJhKEiSCkNBklQYCpKkwlCQJBWGgiSpMBQkScU+n6cQ\nEbOAzwKLgTnAauCHwHXAMLAxM1fWdc8Dzgd2A6sz85aImAvcCCwCtgPnZObmKdkSSdJBa3akcDbw\naGYuB04BrgIuB1Zl5gpgZkScERFHABcCy+p6l0bEbOAC4IH6/TcAF0/RdkiSJkGzUPgCYzvyHmAI\nWJqZ/XXZrcDJwLHA+swcysztwCbgaOB44LaGuidNYtslSZNsn6ePMnMnQET0Al8E3gt8rKHKILAA\n6AW2NZTvABaOKx+tK0nqUE2f0RwRzwe+BFyVmZ+PiI80LO4FHqMaL1gwrnxrXd47rm7HmzWrhyfa\n3YgOcPjh8+nr621ecRp1Wnvayb4YY19MnmYDzUcAtwMrM/Ouuvj+iFiemXcDpwLrgPuA1RExBzgE\nOArYCNwDnAZsqH/288/A0NCeali9y23ZsoOBgcF2N6Po6+vtqPa0k30xxr4YMxnh2OxI4T3AM4GL\nI+J9wAjwDuAT9UDyg8DNmTkSEWuA9cAMqoHoJyPiauD6iOgHngDOOugWS5KmTLMxhXcC75xg0QkT\n1F0LrB1Xtgs48yDaJ0maRt68JkkqDAVJUmEoSJIKQ0GSVBgKkqTCUJAkFU3vaFZ3Ghke5uGHH2p3\nM1i8+Eh6enra3QypaxgKmtCuwQE+ftOjzFv4y7a1Yee2R7jyotNZsuTFbWuD1G0MBe3VvIWLmH/Y\nc9vdDEnTyDEFSVJhKEiSCkNBklQYCpKkwlCQJBWGgiSpMBQkSYWhIEkqDAVJUmEoSJIKQ0GSVBgK\nkqTCUJAkFYaCJKkwFCRJRUvPU4iI44DLMvPEiFgCXAcMAxszc2Vd5zzgfGA3sDozb4mIucCNwCJg\nO3BOZm6e/M2QJE2GpkcKEXERcC3wjLrocmBVZq4AZkbEGRFxBHAhsAw4Bbg0ImYDFwAPZOZy4Abg\n4inYBknSJGnl9NFPgDc0vD4mM/vr328FTgaOBdZn5lBmbgc2AUcDxwO3NdQ9aVJaLUmaEk1PH2Xm\nlyPihQ1FMxp+HwQWAL3AtobyHcDCceWjdaWWjAwP8/DDD5XXW7fOZ8uWHdPahsWLj6Snp2da1ym1\n04E8o3m44fde4DGq8YIF48q31uW94+p2vFmzenii3Y0QuwYH+PhNjzJv4S/bsv6d2x7hhkvP4iUv\neUlb1t9MX19v80pdwr6YPAcSCt+NiOWZeTdwKrAOuA9YHRFzgEOAo4CNwD3AacCG+mf/xB/ZWYaG\n9sCcdrdCAPMWLmL+Yc9t2/q3bNnBwMBg29a/N319vR3ZrnawL8ZMRjgeyCWp7wIuiYhvAbOBmzPz\nV8AaYD1wB9VA9JPA1cDLIqIfeCvwwYNusSRpyrR0pJCZDwGvqn/fBJwwQZ21wNpxZbuAMw+6lZKk\naeHNa5KkwlCQJBWGgiSpMBQkSYWhIEkqDAVJUnEgN69JXWH8NBvt4lQbmk6GgrQX7Z5mA6qpNq68\n6HSWLHlx29qg7mIoSPvQ7mk2pOnmmIIkqTAUJEmFoSBJKgwFSVJhKEiSCkNBklR4SarUwfZ2A910\nP6/aG+i6h6EgdTBvoNN0MxSkDucNdJpOjilIkgpDQZJUGAqSpMIxBUn71AlTiHv10/QxFCTtU7uv\ngPr1Y/+Pd/3Hl/OCF7xwwuXTdXlutwTTlIdCRMwAPgkcDTwOvDUzfzbV65U0edp5BdTObb/i4zd9\n38typ8l0HCm8HnhGZr4qIo4DLq/LJKklXpY7faZjoPl44DaAzLwX+N1pWKck6QBMx5HCAmBbw+uh\niJiZmcPTsG5JOmidMNgO0zOuMR2hsB3obXjdNBBm7PgZwyPbp7ZV+7Bn12Z27p7ftvXvGtwCzGjb\n+m1DZ6zfNnTG+gG2/CL5L9f+kLnzD29bGx7fsYVPf+itUz6uMR2h8C3gdcDNEfFK4AfN3nDHF69o\n778ASepS0xEKXwZOjohv1a/fPA3rlCQdgBkjIyPtboMkqUM4zYUkqTAUJEmFoSBJKgwFSVLRMRPi\ndescSRExC/gssBiYA6wGfghcBwwDGzNzZV33POB8YDewOjNvaUOTp1RELAI2ACcBe+jSfgCIiHcD\npwOzqf427qbL+qP++7ie6u9jCDiPLvx3UU8RdFlmnhgRS2hx+yNiLnAjsIjqnrFzMnPzvtbVSUcK\nZY4k4D1UcyR1g7OBRzNzOXAKcBXVtq/KzBXAzIg4IyKOAC4EltX1Lo2I2e1q9FSodwCfAnbWRV3Z\nDwARsQJYVv89nAC8gO7sj9OAnsz8t8CHgA/TZf0QERcB1wLPqIv2Z/svAB6o9y83ABc3W18nhUK3\nzpH0Bcb+R/VQfRtampn9ddmtwMnAscD6zBzKzO3AJuC3p7uxU+xjwNXAL6huYe3WfgB4LbAxIr4C\nfA34Ot3ZHz8GZtVnEhZSfQvutn74CfCGhtfHtLj9R9OwX63rntRsZZ0UChPOkdSuxkyXzNyZmb+O\niF7gi8B7eeo9/YNUfdPLU/tnB9UfydNCRJwLPJKZ32Bs+xv//3dFPzR4FnAM8AdU3/b+hu7sjx3A\nbwE/Aq4B1tBlfx+Z+WWqL4uj9mf7G8tH6+5TJ+1093uOpKeLiHg+sA64PjM/T3WucFQv8BhV/yyY\noPzp4s1Ud77fRfUN53NAX8PybumHUZuB2+tvfj+mGmdr3Ml1S3/8GXBbZgZj/y7mNCzvln5o1Or+\nYStP3a+21CedFArfojp/SKtzJD0d1OcCbwf+IjOvr4vvj4jl9e+nAv3AfcDxETEnIhYCRwEbp73B\nUyQzV2TmiZl5IvA94A+BW7utHxqspzo3TEQ8BzgUuLMea4Du6Y8tjH3TfYzq4pj7u7AfGn13P/4u\n7qHer9Y/+8d/2Hgdc/UR3TtH0nuAZwIXR8T7gBHgHcAn6oGiB4GbM3MkItZQ7SxmUA00PdmuRk+T\ndwHXdmM/1FeOvDoivk21nRcA/wR8psv64wrgsxFxN9VVWO8GvkP39UOjlv8uIuJq4PqI6AeeAM5q\n9uHOfSRJKjrp9JEkqc0MBUlSYShIkgpDQZJUGAqSpMJQkCQVnXSfgjpURLyQag6a/0V1DfRc4AHg\nwsx8JCKOAf4kM8/fy/sXA3+ZmW+dYNmfACOZ+emIGM7Mlr+oRMTrgBdl5hWNn7O/29fiup4P/D3V\n9AEnZOav6/L31+u9ZFz90if1Xdrvz8y7p6Jt+6ueTXN7Zt60H+/5ObAiMx+eupapExgKatX/zcyl\noy8i4sPAzcDyzPwO1ZS9e7MYOHKiBZl5TcPL/b1p5pjR94z7nKlwIvCdzDy7lcot9Ek7vQq4az/f\n4w1NXcJQ0IF6P/CriHgZ8C+AD9Rzvf858EdUc95/OzMvAK4EfisiPkEVJB+lOuLYSHWX7ug37RkR\ncQ3VjI8DwFsy8/80ftOuj1r+ger2/rcBIxHxEFXwjGTmJfURxIfqdfyM6hv7QP1t9waqGUjnAX+U\nmfc3blREvBj4NHA41VHBO6hm5vwQcGhEfDIz/9O4vjguIv6RaiqKazNzTT0NwwfqaTtGP3sRcCfV\n3aZ/FxH/GTiT6jTu7Zn57npixL8Fjqjf9sHM/Pq4Nt5FNf3DS4E3As8GLqH6e/45cF5mbp1oe+vt\nOh04MSJ+CXyfaqK551HNqbMqM++MiMOo5uF/HtVds3NRV3BMQQckM3dTTc97VF00EhE9VNMQHEM1\n9flwRDwbeDuwITMvrOu+CDgxMyeayuSuzHw51bQna/ay+pHM/BHVsxc+1TBnFBHRV5efnpm/QzX3\ny1UN7x3IzOOodoSrJvjsG4ErMvNo4M+pQuyHwPuAr00QCAD/kuqZB68C/jQiRqdsbvx2/Uyq6a/f\nVwfCaxnrp6XA8yLiTVRTJP88M19BNf/Tq/fSB9/PzH9FNc34ZcDvZeYxVKe4PrK37c3MO6mm4n5f\nPSPtlcDaen1nANdExKFUIfOduh/+irGQ0tOcoaCDMQLsGn2RmXuoJjbcQHUk8VeZ+csJ3peZuWOC\n8p31LLFQ7ZxXTFCnmWOBezPzf9evPw38u4blt9c/N1J9ay7qneGSzPxq3ch7qWYrjSbr/HxmPp6Z\ng8Df7aXd1wCz6mmQoZrX/liqeXy+SxUQL6Xqv9dHxJep5sL/0F7WeW/98ziqB/DcFRH3AyuBJa1s\nb0M7LqnfeyvVMz1eRBVyNwHUc/c/7Z+CqIqhoAMSEXOodpY/bCzPzDdQndYBuD0iJvqmu2uCMnjq\nlMAzqE7bQBU+o3PIN3ua1kyeOt/8TJ56mvTxCT5zb++d6P0TGT/X/e4J6lwGDETE6JFGD9URydL6\nyOg4qkco/pTq6OtGqqOE+/ayztE+7AH6Gz7nFcB/aKi3r+2Favtek5kvr9+/jGqG4hGeun/Ys5d2\n6GnGUFCryg6lfgrWB4H/mZk/byh/VkQ8CPwgMz9AdSrjt6l2mq08GnF+PR4A8MfAHfXvjwL/uv69\n8QlUQ/zmDvteqnP8L6hfn0/1rIqm6m/6P42I19fb80qq0ybNpmD+g3rK4sOA1zHxIO7ot/j316fU\n1gF/GBGH1o8h/Wr9OSuBSzLzf9T1+yJiXw9GuRdYVo+FQHWE9tEm7W3st3X1eoiIl1IFwiFUfX92\nXf4KqqMHdQFDQa16dkR8tz7N8D2qwc2nTMObmY9Snc/fEBH3UZ1Hv45qoHJhRFzPvm2lOnXyPapT\nPn9Wl38EWBkRGxh7Ti1UD7J/U70jHb0K6RGqIPhKRPwAWE417TS0dgXN2cA7IuIBqjGNN2TmUJP3\nPER12uduqm/7OW75aNt+QjW+cVU9ePwlqp36A8B3M/NzVA+RiXr9/0A1wL59os+rP/NXwFuAL0TE\n94HfoRoL2df23gGsioh/T/Vc31fW7/1b4E315bbvB15U9+FfAD9t0gd6mnDqbElS4ZGCJKkwFCRJ\nhaEgSSoMBUlSYShIkgpDQZJUGAqSpMJQkCQV/x9oBqK6CITA6AAAAABJRU5ErkJggg==\n",
      "text/plain": [
       "<matplotlib.figure.Figure at 0x9e1ab70>"
      ]
     },
     "metadata": {},
     "output_type": "display_data"
    }
   ],
   "source": [
    "# Take a look at the distribution of the target variable\n",
    "\n",
    "plt.hist(bike_rentals[\"cnt\"])\n",
    "plt.xlabel(\"Distribution of bikes rented \")"
   ]
  },
  {
   "cell_type": "markdown",
   "metadata": {},
   "source": [
    "Seems like there was almost no bike rented in many days, around 7000, but at the same time there are days where 1000+ bikes were rented."
   ]
  },
  {
   "cell_type": "code",
   "execution_count": 9,
   "metadata": {
    "collapsed": false
   },
   "outputs": [
    {
     "data": {
      "text/html": [
       "<div>\n",
       "<table border=\"1\" class=\"dataframe\">\n",
       "  <thead>\n",
       "    <tr style=\"text-align: right;\">\n",
       "      <th></th>\n",
       "      <th>instant</th>\n",
       "      <th>season</th>\n",
       "      <th>yr</th>\n",
       "      <th>mnth</th>\n",
       "      <th>hr</th>\n",
       "      <th>holiday</th>\n",
       "      <th>weekday</th>\n",
       "      <th>workingday</th>\n",
       "      <th>weathersit</th>\n",
       "      <th>temp</th>\n",
       "      <th>atemp</th>\n",
       "      <th>hum</th>\n",
       "      <th>windspeed</th>\n",
       "      <th>casual</th>\n",
       "      <th>registered</th>\n",
       "      <th>cnt</th>\n",
       "    </tr>\n",
       "  </thead>\n",
       "  <tbody>\n",
       "    <tr>\n",
       "      <th>instant</th>\n",
       "      <td>1.000000</td>\n",
       "      <td>0.404046</td>\n",
       "      <td>0.866014</td>\n",
       "      <td>0.489164</td>\n",
       "      <td>-0.004775</td>\n",
       "      <td>0.014723</td>\n",
       "      <td>0.001357</td>\n",
       "      <td>-0.003416</td>\n",
       "      <td>-0.014198</td>\n",
       "      <td>0.136178</td>\n",
       "      <td>0.137615</td>\n",
       "      <td>0.009577</td>\n",
       "      <td>-0.074505</td>\n",
       "      <td>0.158295</td>\n",
       "      <td>0.282046</td>\n",
       "      <td>0.278379</td>\n",
       "    </tr>\n",
       "    <tr>\n",
       "      <th>season</th>\n",
       "      <td>0.404046</td>\n",
       "      <td>1.000000</td>\n",
       "      <td>-0.010742</td>\n",
       "      <td>0.830386</td>\n",
       "      <td>-0.006117</td>\n",
       "      <td>-0.009585</td>\n",
       "      <td>-0.002335</td>\n",
       "      <td>0.013743</td>\n",
       "      <td>-0.014524</td>\n",
       "      <td>0.312025</td>\n",
       "      <td>0.319380</td>\n",
       "      <td>0.150625</td>\n",
       "      <td>-0.149773</td>\n",
       "      <td>0.120206</td>\n",
       "      <td>0.174226</td>\n",
       "      <td>0.178056</td>\n",
       "    </tr>\n",
       "    <tr>\n",
       "      <th>yr</th>\n",
       "      <td>0.866014</td>\n",
       "      <td>-0.010742</td>\n",
       "      <td>1.000000</td>\n",
       "      <td>-0.010473</td>\n",
       "      <td>-0.003867</td>\n",
       "      <td>0.006692</td>\n",
       "      <td>-0.004485</td>\n",
       "      <td>-0.002196</td>\n",
       "      <td>-0.019157</td>\n",
       "      <td>0.040913</td>\n",
       "      <td>0.039222</td>\n",
       "      <td>-0.083546</td>\n",
       "      <td>-0.008740</td>\n",
       "      <td>0.142779</td>\n",
       "      <td>0.253684</td>\n",
       "      <td>0.250495</td>\n",
       "    </tr>\n",
       "    <tr>\n",
       "      <th>mnth</th>\n",
       "      <td>0.489164</td>\n",
       "      <td>0.830386</td>\n",
       "      <td>-0.010473</td>\n",
       "      <td>1.000000</td>\n",
       "      <td>-0.005772</td>\n",
       "      <td>0.018430</td>\n",
       "      <td>0.010400</td>\n",
       "      <td>-0.003477</td>\n",
       "      <td>0.005400</td>\n",
       "      <td>0.201691</td>\n",
       "      <td>0.208096</td>\n",
       "      <td>0.164411</td>\n",
       "      <td>-0.135386</td>\n",
       "      <td>0.068457</td>\n",
       "      <td>0.122273</td>\n",
       "      <td>0.120638</td>\n",
       "    </tr>\n",
       "    <tr>\n",
       "      <th>hr</th>\n",
       "      <td>-0.004775</td>\n",
       "      <td>-0.006117</td>\n",
       "      <td>-0.003867</td>\n",
       "      <td>-0.005772</td>\n",
       "      <td>1.000000</td>\n",
       "      <td>0.000479</td>\n",
       "      <td>-0.003498</td>\n",
       "      <td>0.002285</td>\n",
       "      <td>-0.020203</td>\n",
       "      <td>0.137603</td>\n",
       "      <td>0.133750</td>\n",
       "      <td>-0.276498</td>\n",
       "      <td>0.137252</td>\n",
       "      <td>0.301202</td>\n",
       "      <td>0.374141</td>\n",
       "      <td>0.394071</td>\n",
       "    </tr>\n",
       "    <tr>\n",
       "      <th>holiday</th>\n",
       "      <td>0.014723</td>\n",
       "      <td>-0.009585</td>\n",
       "      <td>0.006692</td>\n",
       "      <td>0.018430</td>\n",
       "      <td>0.000479</td>\n",
       "      <td>1.000000</td>\n",
       "      <td>-0.102088</td>\n",
       "      <td>-0.252471</td>\n",
       "      <td>-0.017036</td>\n",
       "      <td>-0.027340</td>\n",
       "      <td>-0.030973</td>\n",
       "      <td>-0.010588</td>\n",
       "      <td>0.003988</td>\n",
       "      <td>0.031564</td>\n",
       "      <td>-0.047345</td>\n",
       "      <td>-0.030927</td>\n",
       "    </tr>\n",
       "    <tr>\n",
       "      <th>weekday</th>\n",
       "      <td>0.001357</td>\n",
       "      <td>-0.002335</td>\n",
       "      <td>-0.004485</td>\n",
       "      <td>0.010400</td>\n",
       "      <td>-0.003498</td>\n",
       "      <td>-0.102088</td>\n",
       "      <td>1.000000</td>\n",
       "      <td>0.035955</td>\n",
       "      <td>0.003311</td>\n",
       "      <td>-0.001795</td>\n",
       "      <td>-0.008821</td>\n",
       "      <td>-0.037158</td>\n",
       "      <td>0.011502</td>\n",
       "      <td>0.032721</td>\n",
       "      <td>0.021578</td>\n",
       "      <td>0.026900</td>\n",
       "    </tr>\n",
       "    <tr>\n",
       "      <th>workingday</th>\n",
       "      <td>-0.003416</td>\n",
       "      <td>0.013743</td>\n",
       "      <td>-0.002196</td>\n",
       "      <td>-0.003477</td>\n",
       "      <td>0.002285</td>\n",
       "      <td>-0.252471</td>\n",
       "      <td>0.035955</td>\n",
       "      <td>1.000000</td>\n",
       "      <td>0.044672</td>\n",
       "      <td>0.055390</td>\n",
       "      <td>0.054667</td>\n",
       "      <td>0.015688</td>\n",
       "      <td>-0.011830</td>\n",
       "      <td>-0.300942</td>\n",
       "      <td>0.134326</td>\n",
       "      <td>0.030284</td>\n",
       "    </tr>\n",
       "    <tr>\n",
       "      <th>weathersit</th>\n",
       "      <td>-0.014198</td>\n",
       "      <td>-0.014524</td>\n",
       "      <td>-0.019157</td>\n",
       "      <td>0.005400</td>\n",
       "      <td>-0.020203</td>\n",
       "      <td>-0.017036</td>\n",
       "      <td>0.003311</td>\n",
       "      <td>0.044672</td>\n",
       "      <td>1.000000</td>\n",
       "      <td>-0.102640</td>\n",
       "      <td>-0.105563</td>\n",
       "      <td>0.418130</td>\n",
       "      <td>0.026226</td>\n",
       "      <td>-0.152628</td>\n",
       "      <td>-0.120966</td>\n",
       "      <td>-0.142426</td>\n",
       "    </tr>\n",
       "    <tr>\n",
       "      <th>temp</th>\n",
       "      <td>0.136178</td>\n",
       "      <td>0.312025</td>\n",
       "      <td>0.040913</td>\n",
       "      <td>0.201691</td>\n",
       "      <td>0.137603</td>\n",
       "      <td>-0.027340</td>\n",
       "      <td>-0.001795</td>\n",
       "      <td>0.055390</td>\n",
       "      <td>-0.102640</td>\n",
       "      <td>1.000000</td>\n",
       "      <td>0.987672</td>\n",
       "      <td>-0.069881</td>\n",
       "      <td>-0.023125</td>\n",
       "      <td>0.459616</td>\n",
       "      <td>0.335361</td>\n",
       "      <td>0.404772</td>\n",
       "    </tr>\n",
       "    <tr>\n",
       "      <th>atemp</th>\n",
       "      <td>0.137615</td>\n",
       "      <td>0.319380</td>\n",
       "      <td>0.039222</td>\n",
       "      <td>0.208096</td>\n",
       "      <td>0.133750</td>\n",
       "      <td>-0.030973</td>\n",
       "      <td>-0.008821</td>\n",
       "      <td>0.054667</td>\n",
       "      <td>-0.105563</td>\n",
       "      <td>0.987672</td>\n",
       "      <td>1.000000</td>\n",
       "      <td>-0.051918</td>\n",
       "      <td>-0.062336</td>\n",
       "      <td>0.454080</td>\n",
       "      <td>0.332559</td>\n",
       "      <td>0.400929</td>\n",
       "    </tr>\n",
       "    <tr>\n",
       "      <th>hum</th>\n",
       "      <td>0.009577</td>\n",
       "      <td>0.150625</td>\n",
       "      <td>-0.083546</td>\n",
       "      <td>0.164411</td>\n",
       "      <td>-0.276498</td>\n",
       "      <td>-0.010588</td>\n",
       "      <td>-0.037158</td>\n",
       "      <td>0.015688</td>\n",
       "      <td>0.418130</td>\n",
       "      <td>-0.069881</td>\n",
       "      <td>-0.051918</td>\n",
       "      <td>1.000000</td>\n",
       "      <td>-0.290105</td>\n",
       "      <td>-0.347028</td>\n",
       "      <td>-0.273933</td>\n",
       "      <td>-0.322911</td>\n",
       "    </tr>\n",
       "    <tr>\n",
       "      <th>windspeed</th>\n",
       "      <td>-0.074505</td>\n",
       "      <td>-0.149773</td>\n",
       "      <td>-0.008740</td>\n",
       "      <td>-0.135386</td>\n",
       "      <td>0.137252</td>\n",
       "      <td>0.003988</td>\n",
       "      <td>0.011502</td>\n",
       "      <td>-0.011830</td>\n",
       "      <td>0.026226</td>\n",
       "      <td>-0.023125</td>\n",
       "      <td>-0.062336</td>\n",
       "      <td>-0.290105</td>\n",
       "      <td>1.000000</td>\n",
       "      <td>0.090287</td>\n",
       "      <td>0.082321</td>\n",
       "      <td>0.093234</td>\n",
       "    </tr>\n",
       "    <tr>\n",
       "      <th>casual</th>\n",
       "      <td>0.158295</td>\n",
       "      <td>0.120206</td>\n",
       "      <td>0.142779</td>\n",
       "      <td>0.068457</td>\n",
       "      <td>0.301202</td>\n",
       "      <td>0.031564</td>\n",
       "      <td>0.032721</td>\n",
       "      <td>-0.300942</td>\n",
       "      <td>-0.152628</td>\n",
       "      <td>0.459616</td>\n",
       "      <td>0.454080</td>\n",
       "      <td>-0.347028</td>\n",
       "      <td>0.090287</td>\n",
       "      <td>1.000000</td>\n",
       "      <td>0.506618</td>\n",
       "      <td>0.694564</td>\n",
       "    </tr>\n",
       "    <tr>\n",
       "      <th>registered</th>\n",
       "      <td>0.282046</td>\n",
       "      <td>0.174226</td>\n",
       "      <td>0.253684</td>\n",
       "      <td>0.122273</td>\n",
       "      <td>0.374141</td>\n",
       "      <td>-0.047345</td>\n",
       "      <td>0.021578</td>\n",
       "      <td>0.134326</td>\n",
       "      <td>-0.120966</td>\n",
       "      <td>0.335361</td>\n",
       "      <td>0.332559</td>\n",
       "      <td>-0.273933</td>\n",
       "      <td>0.082321</td>\n",
       "      <td>0.506618</td>\n",
       "      <td>1.000000</td>\n",
       "      <td>0.972151</td>\n",
       "    </tr>\n",
       "    <tr>\n",
       "      <th>cnt</th>\n",
       "      <td>0.278379</td>\n",
       "      <td>0.178056</td>\n",
       "      <td>0.250495</td>\n",
       "      <td>0.120638</td>\n",
       "      <td>0.394071</td>\n",
       "      <td>-0.030927</td>\n",
       "      <td>0.026900</td>\n",
       "      <td>0.030284</td>\n",
       "      <td>-0.142426</td>\n",
       "      <td>0.404772</td>\n",
       "      <td>0.400929</td>\n",
       "      <td>-0.322911</td>\n",
       "      <td>0.093234</td>\n",
       "      <td>0.694564</td>\n",
       "      <td>0.972151</td>\n",
       "      <td>1.000000</td>\n",
       "    </tr>\n",
       "  </tbody>\n",
       "</table>\n",
       "</div>"
      ],
      "text/plain": [
       "             instant    season        yr      mnth        hr   holiday  \\\n",
       "instant     1.000000  0.404046  0.866014  0.489164 -0.004775  0.014723   \n",
       "season      0.404046  1.000000 -0.010742  0.830386 -0.006117 -0.009585   \n",
       "yr          0.866014 -0.010742  1.000000 -0.010473 -0.003867  0.006692   \n",
       "mnth        0.489164  0.830386 -0.010473  1.000000 -0.005772  0.018430   \n",
       "hr         -0.004775 -0.006117 -0.003867 -0.005772  1.000000  0.000479   \n",
       "holiday     0.014723 -0.009585  0.006692  0.018430  0.000479  1.000000   \n",
       "weekday     0.001357 -0.002335 -0.004485  0.010400 -0.003498 -0.102088   \n",
       "workingday -0.003416  0.013743 -0.002196 -0.003477  0.002285 -0.252471   \n",
       "weathersit -0.014198 -0.014524 -0.019157  0.005400 -0.020203 -0.017036   \n",
       "temp        0.136178  0.312025  0.040913  0.201691  0.137603 -0.027340   \n",
       "atemp       0.137615  0.319380  0.039222  0.208096  0.133750 -0.030973   \n",
       "hum         0.009577  0.150625 -0.083546  0.164411 -0.276498 -0.010588   \n",
       "windspeed  -0.074505 -0.149773 -0.008740 -0.135386  0.137252  0.003988   \n",
       "casual      0.158295  0.120206  0.142779  0.068457  0.301202  0.031564   \n",
       "registered  0.282046  0.174226  0.253684  0.122273  0.374141 -0.047345   \n",
       "cnt         0.278379  0.178056  0.250495  0.120638  0.394071 -0.030927   \n",
       "\n",
       "             weekday  workingday  weathersit      temp     atemp       hum  \\\n",
       "instant     0.001357   -0.003416   -0.014198  0.136178  0.137615  0.009577   \n",
       "season     -0.002335    0.013743   -0.014524  0.312025  0.319380  0.150625   \n",
       "yr         -0.004485   -0.002196   -0.019157  0.040913  0.039222 -0.083546   \n",
       "mnth        0.010400   -0.003477    0.005400  0.201691  0.208096  0.164411   \n",
       "hr         -0.003498    0.002285   -0.020203  0.137603  0.133750 -0.276498   \n",
       "holiday    -0.102088   -0.252471   -0.017036 -0.027340 -0.030973 -0.010588   \n",
       "weekday     1.000000    0.035955    0.003311 -0.001795 -0.008821 -0.037158   \n",
       "workingday  0.035955    1.000000    0.044672  0.055390  0.054667  0.015688   \n",
       "weathersit  0.003311    0.044672    1.000000 -0.102640 -0.105563  0.418130   \n",
       "temp       -0.001795    0.055390   -0.102640  1.000000  0.987672 -0.069881   \n",
       "atemp      -0.008821    0.054667   -0.105563  0.987672  1.000000 -0.051918   \n",
       "hum        -0.037158    0.015688    0.418130 -0.069881 -0.051918  1.000000   \n",
       "windspeed   0.011502   -0.011830    0.026226 -0.023125 -0.062336 -0.290105   \n",
       "casual      0.032721   -0.300942   -0.152628  0.459616  0.454080 -0.347028   \n",
       "registered  0.021578    0.134326   -0.120966  0.335361  0.332559 -0.273933   \n",
       "cnt         0.026900    0.030284   -0.142426  0.404772  0.400929 -0.322911   \n",
       "\n",
       "            windspeed    casual  registered       cnt  \n",
       "instant     -0.074505  0.158295    0.282046  0.278379  \n",
       "season      -0.149773  0.120206    0.174226  0.178056  \n",
       "yr          -0.008740  0.142779    0.253684  0.250495  \n",
       "mnth        -0.135386  0.068457    0.122273  0.120638  \n",
       "hr           0.137252  0.301202    0.374141  0.394071  \n",
       "holiday      0.003988  0.031564   -0.047345 -0.030927  \n",
       "weekday      0.011502  0.032721    0.021578  0.026900  \n",
       "workingday  -0.011830 -0.300942    0.134326  0.030284  \n",
       "weathersit   0.026226 -0.152628   -0.120966 -0.142426  \n",
       "temp        -0.023125  0.459616    0.335361  0.404772  \n",
       "atemp       -0.062336  0.454080    0.332559  0.400929  \n",
       "hum         -0.290105 -0.347028   -0.273933 -0.322911  \n",
       "windspeed    1.000000  0.090287    0.082321  0.093234  \n",
       "casual       0.090287  1.000000    0.506618  0.694564  \n",
       "registered   0.082321  0.506618    1.000000  0.972151  \n",
       "cnt          0.093234  0.694564    0.972151  1.000000  "
      ]
     },
     "execution_count": 9,
     "metadata": {},
     "output_type": "execute_result"
    }
   ],
   "source": [
    "# Check the pairwise correlation among different variables\n",
    "\n",
    "bike_rentals.corr()"
   ]
  },
  {
   "cell_type": "code",
   "execution_count": 10,
   "metadata": {
    "collapsed": false
   },
   "outputs": [
    {
     "data": {
      "text/plain": [
       "instant       0.278379\n",
       "season        0.178056\n",
       "yr            0.250495\n",
       "mnth          0.120638\n",
       "hr            0.394071\n",
       "holiday      -0.030927\n",
       "weekday       0.026900\n",
       "workingday    0.030284\n",
       "weathersit   -0.142426\n",
       "temp          0.404772\n",
       "atemp         0.400929\n",
       "hum          -0.322911\n",
       "windspeed     0.093234\n",
       "casual        0.694564\n",
       "registered    0.972151\n",
       "cnt           1.000000\n",
       "Name: cnt, dtype: float64"
      ]
     },
     "execution_count": 10,
     "metadata": {},
     "output_type": "execute_result"
    }
   ],
   "source": [
    "bike_rentals.corr()[\"cnt\"]"
   ]
  },
  {
   "cell_type": "markdown",
   "metadata": {},
   "source": [
    "Holiday is negatively correlated with bike rentals, which might suggest most people were taking bikes for going to work, but working day and weekday seems to be losely correated. Hr seems to have good correlation because it's possible some hours are busier than others. Casual and registered are heavily correlated but it's meaningless as casual + registered = total cnt."
   ]
  },
  {
   "cell_type": "markdown",
   "metadata": {},
   "source": [
    "# Feature engineering :"
   ]
  },
  {
   "cell_type": "markdown",
   "metadata": {},
   "source": [
    "Even if the hours are related, scikit learn might decipher the hours as seperate and treat all 24 hours as different categories. So we create a new column time labels to label hours as morning = 1, afternoon = 2, evening = 3 and night = 4."
   ]
  },
  {
   "cell_type": "code",
   "execution_count": 14,
   "metadata": {
    "collapsed": true
   },
   "outputs": [],
   "source": [
    "def apply_label(hour):\n",
    "    if hour >=6 and hour<= 12:\n",
    "        return 1 #morning\n",
    "    elif hour >=12 and hour<=18:\n",
    "        return 2 #afternoon\n",
    "    elif hour >=18 and hour <=24:\n",
    "        return 3 #evening\n",
    "    else:\n",
    "        return 4 #night"
   ]
  },
  {
   "cell_type": "code",
   "execution_count": 15,
   "metadata": {
    "collapsed": true
   },
   "outputs": [],
   "source": [
    "bike_rentals[\"time_label\"] = bike_rentals[\"hr\"].apply(apply_label)"
   ]
  },
  {
   "cell_type": "code",
   "execution_count": 16,
   "metadata": {
    "collapsed": false
   },
   "outputs": [
    {
     "data": {
      "text/html": [
       "<div>\n",
       "<table border=\"1\" class=\"dataframe\">\n",
       "  <thead>\n",
       "    <tr style=\"text-align: right;\">\n",
       "      <th></th>\n",
       "      <th>instant</th>\n",
       "      <th>dteday</th>\n",
       "      <th>season</th>\n",
       "      <th>yr</th>\n",
       "      <th>mnth</th>\n",
       "      <th>hr</th>\n",
       "      <th>holiday</th>\n",
       "      <th>weekday</th>\n",
       "      <th>workingday</th>\n",
       "      <th>weathersit</th>\n",
       "      <th>temp</th>\n",
       "      <th>atemp</th>\n",
       "      <th>hum</th>\n",
       "      <th>windspeed</th>\n",
       "      <th>casual</th>\n",
       "      <th>registered</th>\n",
       "      <th>cnt</th>\n",
       "      <th>time_label</th>\n",
       "    </tr>\n",
       "  </thead>\n",
       "  <tbody>\n",
       "    <tr>\n",
       "      <th>0</th>\n",
       "      <td>1</td>\n",
       "      <td>2011-01-01</td>\n",
       "      <td>1</td>\n",
       "      <td>0</td>\n",
       "      <td>1</td>\n",
       "      <td>0</td>\n",
       "      <td>0</td>\n",
       "      <td>6</td>\n",
       "      <td>0</td>\n",
       "      <td>1</td>\n",
       "      <td>0.24</td>\n",
       "      <td>0.2879</td>\n",
       "      <td>0.81</td>\n",
       "      <td>0.0</td>\n",
       "      <td>3</td>\n",
       "      <td>13</td>\n",
       "      <td>16</td>\n",
       "      <td>4</td>\n",
       "    </tr>\n",
       "    <tr>\n",
       "      <th>1</th>\n",
       "      <td>2</td>\n",
       "      <td>2011-01-01</td>\n",
       "      <td>1</td>\n",
       "      <td>0</td>\n",
       "      <td>1</td>\n",
       "      <td>1</td>\n",
       "      <td>0</td>\n",
       "      <td>6</td>\n",
       "      <td>0</td>\n",
       "      <td>1</td>\n",
       "      <td>0.22</td>\n",
       "      <td>0.2727</td>\n",
       "      <td>0.80</td>\n",
       "      <td>0.0</td>\n",
       "      <td>8</td>\n",
       "      <td>32</td>\n",
       "      <td>40</td>\n",
       "      <td>4</td>\n",
       "    </tr>\n",
       "    <tr>\n",
       "      <th>2</th>\n",
       "      <td>3</td>\n",
       "      <td>2011-01-01</td>\n",
       "      <td>1</td>\n",
       "      <td>0</td>\n",
       "      <td>1</td>\n",
       "      <td>2</td>\n",
       "      <td>0</td>\n",
       "      <td>6</td>\n",
       "      <td>0</td>\n",
       "      <td>1</td>\n",
       "      <td>0.22</td>\n",
       "      <td>0.2727</td>\n",
       "      <td>0.80</td>\n",
       "      <td>0.0</td>\n",
       "      <td>5</td>\n",
       "      <td>27</td>\n",
       "      <td>32</td>\n",
       "      <td>4</td>\n",
       "    </tr>\n",
       "    <tr>\n",
       "      <th>3</th>\n",
       "      <td>4</td>\n",
       "      <td>2011-01-01</td>\n",
       "      <td>1</td>\n",
       "      <td>0</td>\n",
       "      <td>1</td>\n",
       "      <td>3</td>\n",
       "      <td>0</td>\n",
       "      <td>6</td>\n",
       "      <td>0</td>\n",
       "      <td>1</td>\n",
       "      <td>0.24</td>\n",
       "      <td>0.2879</td>\n",
       "      <td>0.75</td>\n",
       "      <td>0.0</td>\n",
       "      <td>3</td>\n",
       "      <td>10</td>\n",
       "      <td>13</td>\n",
       "      <td>4</td>\n",
       "    </tr>\n",
       "    <tr>\n",
       "      <th>4</th>\n",
       "      <td>5</td>\n",
       "      <td>2011-01-01</td>\n",
       "      <td>1</td>\n",
       "      <td>0</td>\n",
       "      <td>1</td>\n",
       "      <td>4</td>\n",
       "      <td>0</td>\n",
       "      <td>6</td>\n",
       "      <td>0</td>\n",
       "      <td>1</td>\n",
       "      <td>0.24</td>\n",
       "      <td>0.2879</td>\n",
       "      <td>0.75</td>\n",
       "      <td>0.0</td>\n",
       "      <td>0</td>\n",
       "      <td>1</td>\n",
